[back.jpg]
filters=finetune2=1,0.409357,0.000000,0.000000,00000000,0.000000;
moddate=26ed0aa2e410d101
width=1024
height=576
textactive=0
